Time       Temp 
====================
  0.00      23.000
  1.00      23.000
  2.00      23.003
  3.00      23.000
  4.00      23.004
  5.00      23.001
  5.25      23.015
  5.50      23.193
  5.75      23.474
  6.00      23.769
  6.25      24.048
  6.50      24.291
  6.75      24.498
  7.00      24.666
  7.25      24.802
  7.50      24.910
  7.75      24.995
  8.00      25.066
  9.00      25.220
 10.00      25.275
 11.00      25.277
 12.00      25.275
 13.00      25.269
 14.00      25.266
 15.00      25.266
 16.00      25.261
 17.00      25.259
 18.00      25.257
