Time       Temp 
====================
  0.00      23.000
  1.00      23.003
  2.00      23.002
  3.00      23.004
  4.00      23.007
  5.00      23.007
  5.25      23.020
  5.50      23.201
  5.75      23.479
  6.00      23.776
  6.25      24.055
  6.50      24.299
  6.75      24.506
  7.00      24.674
  7.25      24.808
  7.50      24.921
  7.75      25.007
  8.00      25.074
  9.00      25.231
 10.00      25.286
 11.00      25.286
 12.00      25.287
 13.00      25.286
 14.00      25.281
 15.00      25.280
 16.00      25.280
 17.00      25.274
 18.00      25.275
