Time       Temp 
====================
  0.00      23.000
  1.00      23.003
  2.00      23.004
  3.00      23.005
  4.00      23.006
  5.00      23.006
  5.25      23.024
  5.50      23.265
  5.75      23.636
  6.00      24.035
  6.25      24.404
  6.50      24.730
  6.75      25.005
  7.00      25.232
  7.25      25.414
  7.50      25.560
  7.75      25.674
  8.00      25.767
  9.00      25.975
 10.00      26.051
 11.00      26.054
 12.00      26.053
 13.00      26.049
 14.00      26.045
 15.00      26.043
 16.00      26.045
 17.00      26.041
 18.00      26.040
