Time       Temp 
====================
  0.00      23.000
  1.00      23.002
  2.00      23.001
  3.00      23.001
  4.00      23.001
  5.00      23.007
  5.25      23.012
  5.50      23.119
  5.75      23.285
  6.00      23.461
  6.25      23.623
  6.50      23.770
  6.75      23.888
  7.00      23.989
  7.25      24.070
  7.50      24.135
  7.75      24.184
  8.00      24.225
  9.00      24.318
 10.00      24.349
 11.00      24.355
 12.00      24.354
 13.00      24.351
 14.00      24.353
 15.00      24.349
 16.00      24.349
 17.00      24.351
 18.00      24.349
