Time       Temp 
====================
  0.00      23.000
  1.00      23.000
  2.00      23.000
  3.00      23.001
  4.00      23.001
  5.00      23.001
  5.25      23.019
  5.50      23.291
  5.75      23.713
  6.00      24.168
  6.25      24.588
  6.50      24.961
  6.75      25.270
  7.00      25.527
  7.25      25.733
  7.50      25.900
  7.75      26.031
  8.00      26.134
  9.00      26.369
 10.00      26.453
 11.00      26.454
 12.00      26.451
 13.00      26.445
 14.00      26.440
 15.00      26.435
 16.00      26.430
 17.00      26.426
 18.00      26.425
