Time       Temp 
====================
  0.00      23.000
  1.00      23.001
  2.00      22.999
  3.00      22.998
  4.00      22.999
  5.00      22.998
  5.25      23.014
  5.50      23.287
  5.75      23.713
  6.00      24.165
  6.25      24.585
  6.50      24.959
  6.75      25.268
  7.00      25.525
  7.25      25.733
  7.50      25.898
  7.75      26.028
  8.00      26.132
  9.00      26.366
 10.00      26.450
 11.00      26.453
 12.00      26.448
 13.00      26.442
 14.00      26.436
 15.00      26.433
 16.00      26.425
 17.00      26.422
 18.00      26.418
